16 120
13 16 111 987
8 9 275 400
13 15 995 509
2 14 892 114
5 8 452 649
3 7 281 535
8 14 434 260
12 14 939 652
1 12 745 374
2 15 205 630
12 13 196 182
1 7 223 696
1 9 84 671
1 10 529 455
10 15 478 449
7 10 612 967
7 13 798 898
4 6 132 546
1 13 640 741
5 9 973 109
10 11 879 353
14 15 921 271
7 8 973 418
14 16 482 652
6 14 462 76
13 14 682 680
9 12 855 556
8 10 720 650
4 13 444 254
1 5 752 761
1 8 209 586
9 10 124 328
4 10 912 811
7 9 825 867
3 4 777 541
11 14 754 461
2 4 907 692
6 15 481 753
3 14 213 917
6 13 283 902
8 15 960 64
11 12 345 125
3 5 272 857
3 13 781 89
7 14 113 288
9 14 648 255
8 12 820 374
12 16 126 819
1 16 830 41
2 10 919 213
5 11 660 513
10 16 227 318
6 8 549 171
2 12 146 451
3 15 957 284
1 3 479 733
4 12 833 1000
6 10 770 797
4 16 948 961
3 6 262 601
7 15 645 898
7 12 456 534
2 6 688 860
4 5 583 334
2 13 228 216
9 15 913 631
2 7 197 333
3 11 169 518
6 16 376 601
1 11 840 272
6 9 395 585
1 14 638 310
6 7 518 801
7 11 328 226
2 8 322 673
9 16 100 97
12 15 150 401
5 7 748 624
3 9 203 41
4 8 437 500
11 15 394 425
5 6 377 685
2 16 700 672
4 9 745 329
5 15 627 983
4 11 722 358
5 12 58 387
10 14 193 741
1 4 476 961
1 15 698 188
8 13 419 738
2 3 198 578
4 15 700 207
5 10 912 300
6 11 519 902
5 16 318 906
4 7 757 127
2 9 276 537
5 13 414 499
2 5 285 138
8 16 135 366
11 13 542 391
5 14 929 657
9 11 400 67
7 16 421 304
10 13 518 941
6 12 477 633
3 8 857 614
3 12 245 170
3 16 478 519
3 10 564 812
1 6 821 257
15 16 169 854
1 2 56 287
9 13 261 568
2 11 96 501
10 12 360 399
8 11 567 879
11 16 168 381
4 14 403 837
